5     5      15     0.006
5     10     41     0.028
5     15     66     0.039
5     20     123    0.081
5     40     233    0.142
10    5      31     0.02
10    10     96     0.069
10    15     119    0.081
10    20     158    0.11
10    40     399    0.297
15    5      40     0.04
15    10     111    0.106
15    15     162    0.111
15    20     245    0.185
15    40     488    0.449
20    5      47     0.046
20    10     139    0.157
20    15     224    0.22
20    20     318    0.328
20    40     646    0.634
25    5      72     0.099
25    10     155    0.210
25    15     302    0.472
25    20     329    0.438
25    40     826    0.865
30    5      70     0.14
30    10     198    0.366
30    15     274    0.466
30    20     414    0.704
30    40     962    2.169
35    5      85     0.205
35    10     240    0.788
35    15     394    1.168
35    20     479    1.404
35    40     1035   2.84
40    5      97     0.603
40    10     272    1.394
40    15     378    1.825
40    20     563    3.223
40    40     1185   5.45
45    5      98     0.65
45    10     242    1.633
45    15     499    4.819
45    20     596    4.71
45    40     1334   9.603
50    5      109    1.235
50    10     346    4.555
50    15     433    4.639
50    20     762    9.836
50    40     1645  24.219
55    5      118    1.763
55    10     326    6.356
55    15     505   10.328
55    20     748   12.812
55    40     1439  23.255
60    5      142    2.414
60    10     353    8.522
60    15     569   14.726
60    20     790   22.871
60    40     1479  38.947
65    5      138    3.892
65    10     377   14.186
65    15     577   20.253
65    20     801   26.658
65    40     1837  69.746
70    5      138    6.635
70    10     422   20.441
70    15     660   32.511
70    20     861   35.24
70    40     2013 100.051
75    5      169   10.207
75    10     382   21.099
75    15     657   36.794
75    20     966   55.175
75    40     2093 138.286
80    5      166   13.665
80    10     481   40.372
80    15     719   58.29
80    20     1016  82.232
80    40     2143 165.278
85    5      152   13.189
85    10     431   40.961
85    15     684   68.3
85    20     1058 115.906
85    40     2257 230.269
90    5      196   25.654
90    10     475   62.529
90    15     850  113.43
90    20     1247 176.984
90    40     2573 329.91
95    5      188   27.235
95    10     571   94.356
95    15     829  125.084
95    20     1221 200.541
95    40     2583 444.943
100   5      195   37.858
100   10     522  105.439
100   15     981  198.228
100   20     1158 223.549
100   40     2747 598.682